$ANSIBLE_VAULT;1.1;AES256
34663439653930646365353638376436336432353337633939323565613963303231353034303163
3934636565613861666431353562393962306331313063360a336166393439386162343737353730
38383238333637346231653233383066616566303831313166633439633133376635343938623433
3464633636376262610a663363373630306266373737393761343134636466663264613862643438
35336433386337363031373436623339316666613162663161323238376432623764306137323134
31363330313166336262346261356532326439616632336136666666646262333035373765353336
30636331356663633535636332356538653563363437303661356162386436643135323436366132
64663039316230366662353965653762363761613166646664633664623461363336373237326461
64306632653730646230373133313961633138313431353431356137626431323236313065346665
32346336656362666166663563613863373233626535313239313733363262623164613962363330
61393331323331363335376365326135383233363830303732323434396165376365393030306633
38366536653332636636363933356465643236343237363162363839633961323634613861666263
62623833383533663362346264323730396532666563316661623566346563663939386564323539
36656662316536653833353964623062613365343034376631636662333936373032303530353638
62343539383862333635343135666330356335306637353462636162326130336539366238373861
38626437343933613838393531323635303364363834623463333230643335343863326365346631
30363035356363663564643236376137316364363632383332623536613163633738363533383163
63326338333236393932366630636533303737656163336166336537303961373836366434353861
35636433313439613864336438373365326364643039373038353335626365333766346138316132
36366233623234616635376434663631616231326466303866303937346466643166643934353361
62626362306532393661663563386166326138653939633234663737343835383535303233386439
30656536326338666634633835623765383634323266346261393733626130336565313234363162
38353363366430323237373762343163386233663733393231373963626632343838303463346632
32363863333835646464646363353436643138643534623831623264633064303262383666373530
66633835353832333833393962363031316337313438346131313038326632323838613161303236
66623935323030366331323431313264663434386165623262643864316137313463323339383534
35396534633264633530353536313230393365623066356331363065643239343463333936636439
34646666656365656331326230636164353466336364393264323961653438623039316364623637
61343737336463623261356538656431306138636539613333383936666561333266393133326263
64373363363063633834656164393765626236306563323839366538636131306464333038633263
38333936333864653964346562633132623434613163666538373534343365646464666639376366
66396165343334616463643936366235623136373838626235623432356366386538633366366436
65316435306235663831303530366365643037396237363132623334663566376464633033366434
30393664616537316236643463346639663232643063323862333961643662366237313061326539
66633164366431326231326661613763616362303131393266356364666662616461336165326264
64323331613339613562646261616334313136383766353965346430616332633134383737396636
37343465623661663037633133653330646639373364663465366231306561373030636337393539
30333231633231373366363265376633666336303431313130336339613661346232623033303332
37333730656336623435623936356233616664323066396361383761643062343438353838386337
38656337666161613166613837346665383065383334333532303835343834396331363137616533
65316133653832313135393431616533326237373831323637383332633362633264383837313039
66333133656661393036346636646564663230346663633135613862333737663134393233333639
62353437313765626133643361646234333264383766626432303335616335343163663739333037
66353835383835343735623131303530373061386362653366383735643565643366326263646163
35666563363137643663363135373030393435306165383163363532383539326233396233343430
36303664343561323238383030663366333438323531363961653366343764666666326136313432
34316163333431646333393439303032353935393330616164653138643333313266663565653162
63306533386461356438366161373136653036313733646631323537633733636332323765343735
34663335383539636634396138323234303165666335353466613632323230653331643263636664
62303464666161326631303063366338613232656665306165343135383361333532343131626161
33356335356234303031643061343464653636373730623238313133613963316332623063373432
65383335346130336537653964663065306631643265353630383933363637643630383531643766
63336363376464386662333239636439303562656436366534353533646130343637343338363236
63373735383333333765613865353239646531303337363336313564626535383439333532643662
38336662353433323534626163346536613762616237343536363066323064356261663430313537
30383331383139663938653561386535646666326531383964386264346335653733353430663437
64333863383032616531346662323566643364616362353462643466366461343062616461653130
39313230353036623134393438306432303964343136356139646530333336393564663363363535
32333937386637353362666434663866633632636566343031616663306631366266323166336235
32663765633961616363626162373736653561386136356539316462316437323938386437313764
66613764326435366239663865356131356536376238353132663236623362333635363266633734
64623161613661313130316233396138616634616334646330313036346636626330313535393635
34303431313065363662666161356239343331353662306434366262393733663337376566656631
32333738386436386436333833363036363634633635653561313163393135306332356666643630
64303539623937376163383033343039613462363237373136396432393264396464376565626535
36363437353039393161643766336233616464383132616132333138303263613365383235336632
66623165313836343532316566636439346139636633336236353663313835343732333834306564
65666666323838376132333865623033663034316363363664323765363731313634353937303337
37613131313465326634623665656232336232323237363034656339663233623731366161343164
63316638333765326439386532393936363130333531653939326331663737653062323163353533
65363763326463326266333735383837316661393533346234303662343631626135646265383237
36346534303563363333386236666137643832363961316431333632383331636239656431323361
32333166633864313131643666353330613639313265333334316438333431336438643466653135
39393364306431336263636262633161326162313530633936386134323739326637633832346362
66383163366161353938306265613662326466366338633933393635633461363933633566626461
38373065633964663339366435643766613032646638336336346335633539653165306361376566
65303437623835663935366439363934613534633261386161373434636135626237623465383862
61623634633237343661393665656162343933363335663366356664656136363238303134633165
39386530326539363866376438613531666463306362366331653332656263643833653833626233
37323633626234313435373666333232636636303438643539613539666264633339323739353830
31346533323036393930383034346662383535326135666563393835643332643038663636363862
62383736623132306137303564323035626637656566383833383965633461353439363466343265
63383531333335653264343564313439313338333531343431386535386161363863376161343133
65643338316230343439396533616535376364346137616635363463383362393031616666613036
32666566363433623137623866636464303465353562373332323033646663356161323437326636
38386566656334383737643131623837396538313133666538313235643465306237336466363630
37313935386438366638363639613530396535663038306661616466613137646134613361663532
36653934653366373931323966333131616133316665613637393034363939313263653738376139
31623134333666656238396164386635636434393332333466613630303233343166666230643862
36303433383530626163336638323837363135396466663265333537363136653234346430653630
30623962383731626137313063336138373331333038386336623233656531656435646433316138
66663938383532323136613038383134653963343163303262633331633931623666323732303637
63373464646338333336636565393364396339343037663066383064326232636261383738303937
37353434393430306134363732326230623032353533306631303864666432376431313465363063
32326562666466666230376264303230356331316130333161303661316632343034393335306530
35396462666533636333626363636635303233653539363535393364346266666239653839613161
34303237376363323933323564666266323039653533626639376665613534636663643166343730
36623137313330616633376566626336363637393938396264663531376562646363313064356239
39636466353433373562623461323536333437383234613832363761666666316464366133323439
35323031373366613165663237663262646434666363396439346261353335643335363737323535
34613532633264373966366435643863383436643832383065636439656138353264306562363131
36303465373561346363656264666439376533383261613937396164333633663465616365366265
38653062343531383636623534353665393934636363653031666636613933623932396262666137
65323665656236336539633961643233373663663564383237373465306561323034646361316665
35353030626463303963626432623231363565316633663533613036643766623836623262623732
35653163373432383062643732396563303839343965663064653264656432643730353566336135
36313235663164636137373736326135303062373661306137376465653439356138343738373235
66643865663337373536666638616537303066326336313161363835626562633562663537356430
37333734363363613064383361313766363665333034386639343363343338646261393639626333
36653935656161333965613236623663323435653266356535393030366132393866353761346363
33373337343637333061656631643965386437616239396164636636623231666636656234346236
31366437386135343637303461613934643062383639653232303266343839626262656131636335
30626636313835366637386237356239363265303361366437313433396464626335343131326161
62386235383633633836303765643835323939353162313563653964323666646335376161373133
65623137666562383137646234396661376263336663396435373130353930646539316630663733
35393730323861393338303435623534353434363262373533363730643461316165626534333136
35623739353438353936323533656631613335366337396662323166643363393531316166393463
32666436663339333663633234353333323537656138353537363531383866323663663032653534
35653063306331393964613034653130313338323765653236383236613135373230393464356362
30623161633763336166356666636639356464386430383933333566613737376431636230613337
38626137313565373962663239386163376134623264633065366230386337666639303839636662
38636530373166313833633062626635306566323533653335643538613461336439623962626663
37376232636632356431396165376464373935636330303061646361663663343264626364616439
37333164396637396165633466636438643335633839656432313563326439353539633563363035
32396138626139613761633436363930376464626462663231373864306431306264343534363062
30623261383366343031383133363630626265623835316131636332663838343662353262306437
37393337313762656433326565616465333964303638396339666437373665626238643532636432
34663166663937333431643461663135396661663730646433386132653935343737373666643364
31303133663535646662363961386133613935303631663836333832363839353861323664306661
30346261663439313632333338616630656137343831333032656663663039396231666337656130
38386536636235653533616361306461383133623836333461636531343461316365353236633761
64633736646333393733306265643234626637333362346334313334663231376461346664306461
38653663373037663733356138393235303030306636346531613564336231613034613938646631
37306337613837353631366430633631313838393134333431653264343931623764313164396531
32306164653831303330643435623233643030623961343436393530346162323863323066346162
65306466316235356464643363656431656539363033616432326635643263346531363634376166
3536
